{
  "test_datasets": [
    {
      "path": "./testvideo.mov",
      "best_camera": "none",
      "source_frame_start": 0,
      "source_frame_end": 49,
      "camera_intrinsics": [
        [
          1662.768798828125,
          0.0,
          960.0
        ],
        [
          0.0,
          1662.768798828125,
          540.0
        ],
        [
          0.0,
          0.0,
          1.0
        ]
      ],
      "camera_extrinsics": [
        [
          1.0,
          0.0,
          0.0,
          0.0
        ],
        [
          0.0,
          1.0,
          0.0,
          0.0
        ],
        [
          0.0,
          0.0,
          1.0,
          0.0
        ]
      ],
      "ego_intrinsics": [
        [
          131.25,
          0.0,
          224.5
        ],
        [
          0.0,
          131.25,
          224.5
        ],
        [
          0.0,
          0.0,
          1.0
        ]
      ],
      "ego_extrinsics": [
        [
          [
            0.7071067690849304,
            -0.0,
            0.7071067690849304,
            -2.301563262939453
          ],
          [
            0.0,
            1.0,
            0.0,
            0.29999998211860657
          ],
          [
            0.7071067690849304,
            -0.0,
            -0.7071067690849304,
            2.301563262939453
          ]
        ],
        [
          [
            0.7298640608787537,
            -0.0,
            0.6835923194885254,
            -2.2893638610839844
          ],
          [
            0.0,
            1.0,
            0.0,
            0.29999998211860657
          ],
          [
            0.6835923194885254,
            -0.0,
            -0.7298640608787537,
            2.444329023361206
          ]
        ],
        [
          [
            0.751839816570282,
            -0.0,
            0.659345805644989,
            -1.9806230068206787
          ],
          [
            0.0,
            1.0,
            0.0,
            0.29999998211860657
          ],
          [
            0.659345805644989,
            -0.0,
            -0.751839816570282,
            2.258467674255371
          ]
        ],
        [
          [
            0.7730104327201843,
            -0.0,
            0.6343932747840881,
            -1.9255701303482056
          ],
          [
            0.0,
            1.0,
            0.0,
            0.29999998211860657
          ],
          [
            0.6343932747840881,
            -0.0,
            -0.7730104327201843,
            2.346313953399658
          ]
        ],
        [
          [
            0.7933533191680908,
            -0.0,
            0.6087614297866821,
            -1.790474772453308
          ],
          [
            0.0,
            1.0,
            0.0,
            0.29999998211860657
          ],
          [
            0.6087614297866821,
            -0.0,
            -0.7933533191680908,
            2.3333921432495117
          ]
        ],
        [
          [
            0.8128466606140137,
            -0.0,
            0.5824776887893677,
            -1.7497172355651855
          ],
          [
            0.0,
            1.0,
            0.0,
            0.29999998211860657
          ],
          [
            0.5824776887893677,
            -0.0,
            -0.8128466606140137,
            2.441727638244629
          ]
        ],
        [
          [
            0.8314695954322815,
            -0.0,
            0.5555702447891235,
            -1.6688894033432007
          ],
          [
            0.0,
            1.0,
            0.0,
            0.29999998211860657
          ],
          [
            0.5555702447891235,
            -0.0,
            -0.8314695954322815,
            2.4976694583892822
          ]
        ],
        [
          [
            0.8492021560668945,
            -0.0,
            0.5280678272247314,
            -1.5034401416778564
          ],
          [
            0.0,
            1.0,
            0.0,
            0.29999998211860657
          ],
          [
            0.5280678272247314,
            -0.0,
            -0.8492021560668945,
            2.4177284240722656
          ]
        ],
        [
          [
            0.8660253882408142,
            -0.0,
            0.5,
            -1.470588207244873
          ],
          [
            0.0,
            1.0,
            0.0,
            0.29999998211860657
          ],
          [
            0.5,
            -0.0,
            -0.8660253882408142,
            2.547133445739746
          ]
        ],
        [
          [
            0.8819212317466736,
            -0.0,
            0.4713967442512512,
            -1.3864609003067017
          ],
          [
            0.0,
            1.0,
            0.0,
            0.29999998211860657
          ],
          [
            0.4713967442512512,
            -0.0,
            -0.8819212317466736,
            2.593885898590088
          ]
        ],
        [
          [
            0.8968727588653564,
            -0.0,
            0.44228869676589966,
            -1.3147248029708862
          ],
          [
            0.0,
            1.0,
            0.0,
            0.29999998211860657
          ],
          [
            0.44228869676589966,
            -0.0,
            -0.8968727588653564,
            2.6659982204437256
          ]
        ],
        [
          [
            0.9108638167381287,
            -0.0,
            0.41270703077316284,
            -1.1879488229751587
          ],
          [
            0.0,
            1.0,
            0.0,
            0.29999998211860657
          ],
          [
            0.41270703077316284,
            -0.0,
            -0.9108638167381287,
            2.621858835220337
          ]
        ],
        [
          [
            0.9238795042037964,
            -0.0,
            0.3826834261417389,
            -1.1015279293060303
          ],
          [
            0.0,
            1.0,
            0.0,
            0.29999998211860657
          ],
          [
            0.3826834261417389,
            -0.0,
            -0.9238795042037964,
            2.6593236923217773
          ]
        ],
        [
          [
            0.935905933380127,
            -0.0,
            0.35225003957748413,
            -1.036029577255249
          ],
          [
            0.0,
            1.0,
            0.0,
            0.29999998211860657
          ],
          [
            0.35225003957748413,
            -0.0,
            -0.935905933380127,
            2.75266432762146
          ]
        ],
        [
          [
            0.9469301104545593,
            -0.0,
            0.3214394748210907,
            -0.9353258013725281
          ],
          [
            0.0,
            1.0,
            0.0,
            0.29999998211860657
          ],
          [
            0.3214394748210907,
            -0.0,
            -0.9469301104545593,
            2.755380868911743
          ]
        ],
        [
          [
            0.9569403529167175,
            -0.0,
            0.290284663438797,
            -0.8446714878082275
          ],
          [
            0.0,
            1.0,
            0.0,
            0.29999998211860657
          ],
          [
            0.290284663438797,
            -0.0,
            -0.9569403529167175,
            2.78450870513916
          ]
        ],
        [
          [
            0.9659258127212524,
            -0.0,
            0.258819043636322,
            -0.7531126737594604
          ],
          [
            0.0,
            1.0,
            0.0,
            0.29999998211860657
          ],
          [
            0.258819043636322,
            -0.0,
            -0.9659258127212524,
            2.810654640197754
          ]
        ],
        [
          [
            0.973876953125,
            -0.0,
            0.22707626223564148,
            -0.6607474088668823
          ],
          [
            0.0,
            1.0,
            0.0,
            0.29999998211860657
          ],
          [
            0.22707626223564148,
            -0.0,
            -0.973876953125,
            2.8337910175323486
          ]
        ],
        [
          [
            0.9807852506637573,
            -0.0,
            0.19509032368659973,
            -0.5615540742874146
          ],
          [
            0.0,
            1.0,
            0.0,
            0.29999998211860657
          ],
          [
            0.19509032368659973,
            -0.0,
            -0.9807852506637573,
            2.823122978210449
          ]
        ],
        [
          [
            0.9866433143615723,
            -0.0,
            0.16289547085762024,
            -0.4688834249973297
          ],
          [
            0.0,
            1.0,
            0.0,
            0.29999998211860657
          ],
          [
            0.16289547085762024,
            -0.0,
            -0.9866433143615723,
            2.8399851322174072
          ]
        ],
        [
          [
            0.9914448261260986,
            -0.0,
            0.13052618503570557,
            -0.367520809173584
          ],
          [
            0.0,
            1.0,
            0.0,
            0.29999998211860657
          ],
          [
            0.13052618503570557,
            -0.0,
            -0.9914448261260986,
            2.791597604751587
          ]
        ],
        [
          [
            0.9951847195625305,
            -0.0,
            0.0980171412229538,
            -0.28521063923835754
          ],
          [
            0.0,
            1.0,
            0.0,
            0.29999998211860657
          ],
          [
            0.0980171412229538,
            -0.0,
            -0.9951847195625305,
            2.895792245864868
          ]
        ],
        [
          [
            0.9978589415550232,
            -0.0,
            0.06540312618017197,
            -0.1903102695941925
          ],
          [
            0.0,
            1.0,
            0.0,
            0.29999998211860657
          ],
          [
            0.06540312618017197,
            -0.0,
            -0.9978589415550232,
            2.903573751449585
          ]
        ],
        [
          [
            0.9994645714759827,
            -0.0,
            0.03271908313035965,
            -0.09315314888954163
          ],
          [
            0.0,
            1.0,
            0.0,
            0.29999998211860657
          ],
          [
            0.03271908313035965,
            -0.0,
            -0.9994645714759827,
            2.845534324645996
          ]
        ],
        [
          [
            1.0,
            0.0,
            0.0,
            0.0
          ],
          [
            0.0,
            1.0,
            0.0,
            0.29999998211860657
          ],
          [
            -0.0,
            -0.0,
            -1.0,
            3.0039215087890625
          ]
        ],
        [
          [
            0.9994645714759827,
            0.0,
            -0.03271908313035965,
            0.09417963027954102
          ],
          [
            -0.0,
            1.0,
            0.0,
            0.29999998211860657
          ],
          [
            -0.03271908313035965,
            -0.0,
            -0.9994645714759827,
            2.876890182495117
          ]
        ],
        [
          [
            0.9978589415550232,
            0.0,
            -0.06540312618017197,
            0.1903102695941925
          ],
          [
            -0.0,
            1.0,
            0.0,
            0.29999998211860657
          ],
          [
            -0.06540312618017197,
            -0.0,
            -0.9978589415550232,
            2.903573751449585
          ]
        ],
        [
          [
            0.9951847195625305,
            0.0,
            -0.0980171412229538,
            0.2882857024669647
          ],
          [
            -0.0,
            1.0,
            0.0,
            0.29999998211860657
          ],
          [
            -0.0980171412229538,
            -0.0,
            -0.9951847195625305,
            2.927013874053955
          ]
        ],
        [
          [
            0.9914448261260986,
            0.0,
            -0.13052618503570557,
            0.37980562448501587
          ],
          [
            -0.0,
            1.0,
            0.0,
            0.29999998211860657
          ],
          [
            -0.13052618503570557,
            -0.0,
            -0.9914448261260986,
            2.8849101066589355
          ]
        ],
        [
          [
            0.9866433143615723,
            0.0,
            -0.16289547085762024,
            0.47910431027412415
          ],
          [
            -0.0,
            1.0,
            0.0,
            0.29999998211860657
          ],
          [
            -0.16289547085762024,
            -0.0,
            -0.9866433143615723,
            2.9018921852111816
          ]
        ],
        [
          [
            0.9807852506637573,
            0.0,
            -0.19509032368659973,
            0.5676745772361755
          ],
          [
            -0.0,
            1.0,
            0.0,
            0.29999998211860657
          ],
          [
            -0.19509032368659973,
            -0.0,
            -0.9807852506637573,
            2.8538928031921387
          ]
        ],
        [
          [
            0.973876953125,
            0.0,
            -0.22707626223564148,
            0.667871356010437
          ],
          [
            -0.0,
            1.0,
            0.0,
            0.29999998211860657
          ],
          [
            -0.22707626223564148,
            -0.0,
            -0.973876953125,
            2.8643438816070557
          ]
        ],
        [
          [
            0.9659258127212524,
            0.0,
            -0.258819043636322,
            0.7612324357032776
          ],
          [
            -0.0,
            1.0,
            0.0,
            0.29999998211860657
          ],
          [
            -0.258819043636322,
            -0.0,
            -0.9659258127212524,
            2.8409581184387207
          ]
        ],
        [
          [
            0.9569403529167175,
            0.0,
            -0.290284663438797,
            0.8446714878082275
          ],
          [
            -0.0,
            1.0,
            0.0,
            0.29999998211860657
          ],
          [
            -0.290284663438797,
            -0.0,
            -0.9569403529167175,
            2.78450870513916
          ]
        ],
        [
          [
            0.9469301104545593,
            0.0,
            -0.3214394748210907,
            0.9151570200920105
          ],
          [
            -0.0,
            1.0,
            0.0,
            0.29999998211860657
          ],
          [
            -0.3214394748210907,
            -0.0,
            -0.9469301104545593,
            2.6959657669067383
          ]
        ],
        [
          [
            0.935905933380127,
            0.0,
            -0.35225003957748413,
            1.024978518486023
          ],
          [
            -0.0,
            1.0,
            0.0,
            0.29999998211860657
          ],
          [
            -0.35225003957748413,
            -0.0,
            -0.935905933380127,
            2.7233026027679443
          ]
        ],
        [
          [
            0.9238795042037964,
            0.0,
            -0.3826834261417389,
            1.0775164365768433
          ],
          [
            -0.0,
            1.0,
            0.0,
            0.29999998211860657
          ],
          [
            -0.3826834261417389,
            -0.0,
            -0.9238795042037964,
            2.6013548374176025
          ]
        ],
        [
          [
            0.9108638167381287,
            0.0,
            -0.41270703077316284,
            1.1879488229751587
          ],
          [
            -0.0,
            1.0,
            0.0,
            0.29999998211860657
          ],
          [
            -0.41270703077316284,
            -0.0,
            -0.9108638167381287,
            2.621858835220337
          ]
        ],
        [
          [
            0.8968727588653564,
            0.0,
            -0.44228869676589966,
            1.2869733572006226
          ],
          [
            -0.0,
            1.0,
            0.0,
            0.29999998211860657
          ],
          [
            -0.44228869676589966,
            -0.0,
            -0.8968727588653564,
            2.6097238063812256
          ]
        ],
        [
          [
            0.8819212317466736,
            0.0,
            -0.4713967442512512,
            1.3716720342636108
          ],
          [
            -0.0,
            1.0,
            0.0,
            0.29999998211860657
          ],
          [
            -0.4713967442512512,
            -0.0,
            -0.8819212317466736,
            2.5662178993225098
          ]
        ],
        [
          [
            0.8660253882408142,
            0.0,
            -0.5,
            1.454901933670044
          ],
          [
            -0.0,
            1.0,
            0.0,
            0.29999998211860657
          ],
          [
            -0.5,
            -0.0,
            -0.8660253882408142,
            2.5199639797210693
          ]
        ],
        [
          [
            0.8492021560668945,
            0.0,
            -0.5280678272247314,
            1.553140640258789
          ],
          [
            -0.0,
            1.0,
            0.0,
            0.29999998211860657
          ],
          [
            -0.5280678272247314,
            -0.0,
            -0.8492021560668945,
            2.4976534843444824
          ]
        ],
        [
          [
            0.8314695954322815,
            0.0,
            -0.5555702447891235,
            1.5817410945892334
          ],
          [
            -0.0,
            1.0,
            0.0,
            0.29999998211860657
          ],
          [
            -0.5555702447891235,
            -0.0,
            -0.8314695954322815,
            2.3672428131103516
          ]
        ],
        [
          [
            0.8128466606140137,
            0.0,
            -0.5824776887893677,
            1.6583482027053833
          ],
          [
            -0.0,
            1.0,
            0.0,
            0.29999998211860657
          ],
          [
            -0.5824776887893677,
            -0.0,
            -0.8128466606140137,
            2.3142223358154297
          ]
        ],
        [
          [
            0.7933533191680908,
            0.0,
            -0.6087614297866821,
            1.7522779703140259
          ],
          [
            -0.0,
            1.0,
            0.0,
            0.29999998211860657
          ],
          [
            -0.6087614297866821,
            -0.0,
            -0.7933533191680908,
            2.2836129665374756
          ]
        ],
        [
          [
            0.7730104327201843,
            0.0,
            -0.6343932747840881,
            1.8260574340820312
          ],
          [
            -0.0,
            1.0,
            0.0,
            0.29999998211860657
          ],
          [
            -0.6343932747840881,
            -0.0,
            -0.7730104327201843,
            2.225057363510132
          ]
        ],
        [
          [
            0.751839816570282,
            0.0,
            -0.659345805644989,
            1.8771963119506836
          ],
          [
            -0.0,
            1.0,
            0.0,
            0.29999998211860657
          ],
          [
            -0.659345805644989,
            -0.0,
            -0.751839816570282,
            2.1405320167541504
          ]
        ],
        [
          [
            0.7298640608787537,
            0.0,
            -0.6835923194885254,
            1.9462274312973022
          ],
          [
            -0.0,
            1.0,
            0.0,
            0.29999998211860657
          ],
          [
            -0.6835923194885254,
            -0.0,
            -0.7298640608787537,
            2.0779659748077393
          ]
        ],
        [
          [
            0.7071067690849304,
            0.0,
            -0.7071067690849304,
            2.079725742340088
          ],
          [
            -0.0,
            1.0,
            0.0,
            0.29999998211860657
          ],
          [
            -0.7071067690849304,
            -0.0,
            -0.7071067690849304,
            2.079725742340088
          ]
        ]
      ]
    }
  ]
}